Task02_10
900
972
16
16
0.5
0.5
810
0
BOX
Task02_11
438
269
16
16
0.5
0.5
811
0
BOX
Task02_12
832
920
16
16
0.5
0.5
812
0
BOX
Task02_16
420
251
16
16
0.5
0.5
816
0
BOX
Task02_00
178
145
16
16
0.5
0.5
800
0
BOX
Task02_17
832
902
16
16
0.5
0.5
817
0
BOX
LastStage_03_3
154
215
16
16
0.5
0.5
759
0
BOX
21f_P3_07
178
127
16
16
0.5
0.5
747
0
BOX
21f_P3_06
620
358
16
16
0.5
0.5
746
0
BOX
LastStage_00_2
574
435
16
32
0.5
0.75
751
0
BOX
Task02_Wall_00
376
322
16
16
0.5
0.5
5800
0
BOX
LastStage_02
0
329
32
48
0.25
0.833333
754
0
BOX
Task04_BG_27
700
468
16
16
0.5
0.5
5875
0
BOX
Task04_15
142
157
16
16
0.5
0.5
842
0
BOX
LastStage_01_1
628
468
16
32
0.5
0.75
753
0
BOX
Task02_Wall_28
648
394
16
16
0.5
0.5
5824
0
BOX
Task02_15
196
161
16
16
0.5
0.5
815
0
BOX
Task02_Wall_27
474
304
16
16
0.5
0.5
5823
0
BOX
Task02_Wall_20
868
936
16
16
0.5
0.5
5816
0
BOX
Task04_BG_17
832
938
16
16
0.5
0.5
5865
0
BOX
LastStage_05_1
602
363
16
16
0.5
0.5
762
0
BOX
Task02_26
366
297
16
16
0.5
0.5
825
0
BOX
Task02_32
142
175
16
16
0.5
0.5
830
0
BOX
LastStage_05_0
232
161
16
16
0.5
0.5
761
0
BOX
Task02_Wall_11
660
810
16
16
0.5
0.5
5808
0
BOX
Task04_21
312
279
16
16
0.5
0.5
847
0
BOX
Task02_Wall_21
772
500
16
16
0.5
0.5
5817
0
BOX
Task04_22
714
906
16
16
0.5
0.5
848
0
BOX
Task02_06
772
482
16
16
0.5
0.5
806
0
BOX
LastStage_Oneway_1
358
315
16
32
0.5
0.75
775
0
BOX
LastStage_12_2
190
199
16
16
0.5
0.5
773
0
BOX
LastStage_Oneway_0
52
179
32
32
0.75
0.75
774
0
BOX
21f_P3_00
550
295
16
16
0.5
0.5
740
0
BOX
21f_P3_01
842
518
16
16
0.5
0.5
741
0
BOX
21f_P3_02
126
121
16
16
0.5
0.5
742
0
BOX
21f_P3_03
790
464
16
16
0.5
0.5
743
0
BOX
LastStage_03_0
424
359
16
16
0.5
0.5
757
0
BOX
21f_P3_04
754
448
16
16
0.5
0.5
744
0
BOX
LastStage_03_1
330
297
16
16
0.5
0.5
758
0
BOX
21f_P3_05
474
286
16
16
0.5
0.5
745
0
BOX
DarkTile_H04
232
179
16
16
0.5
0.5
900
0
BOX
LastStage_07_0
196
143
16
16
0.5
0.5
765
0
BOX
Task02_Wall_09
222
251
16
16
0.5
0.5
5841
0
BOX
Task02_Wall_08
476
376
16
16
0.5
0.5
5840
0
BOX
Task02_Wall_35
788
518
16
16
0.5
0.5
5831
0
BOX
Task02_Wall_34
420
269
16
16
0.5
0.5
5830
0
BOX
Task02_Wall_37
492
302
16
16
0.5
0.5
5833
0
BOX
Task02_Wall_36
348
225
16
16
0.5
0.5
5832
0
BOX
Task02_Wall_31
700
450
16
16
0.5
0.5
5827
0
BOX
Task02_Wall_30
106
139
16
16
0.5
0.5
5826
0
BOX
Task02_Wall_33
178
163
16
16
0.5
0.5
5829
0
BOX
Task02_Wall_32
900
990
16
16
0.5
0.5
5828
0
BOX
LastStage_Oneway_3
322
367
32
32
0.25
0.75
777
0
BOX
LastStage_Oneway_2
662
502
16
32
0.5
0.75
776
0
BOX
Task04_BG_22
660
792
16
16
0.5
0.5
5870
0
BOX
Task04_BG_26
884
1008
16
16
0.5
0.5
5874
0
BOX
Task04_BG_24
226
215
16
16
0.5
0.5
5872
0
BOX
Task04_BG_25
612
417
16
16
0.5
0.5
5873
0
BOX
Task02_Wall_13
240
233
16
16
0.5
0.5
5810
0
BOX
Task02_Wall_12
682
468
16
16
0.5
0.5
5809
0
BOX
Task02_31_0
406
358
16
32
0.5
0.75
829
0
BOX
Task02_09
160
143
16
16
0.5
0.5
809
0
BOX
Task02_23
882
972
16
16
0.5
0.5
822
0
BOX
LastStage_01_0
18
111
16
32
0.5
0.75
752
0
BOX
Task02_03
528
286
16
16
0.5
0.5
803
0
BOX
LastStageWall00
68
235
32
32
0.25
0.75
5700
0
BOX
Task02_Wall_10
530
394
16
16
0.5
0.5
5807
0
BOX
LastStage_00
0
279
32
48
0.75
0.833333
748
0
BOX
Task02_Wall_02
594
403
16
16
0.5
0.5
5802
0
BOX
LastStage_03_0
424
359
16
16
0.5
0.5
749
0
BOX
LastStage_00_1
712
520
16
32
0.5
0.75
750
0
BOX
LastStage_02_1
730
520
16
32
0.5
0.75
755
0
BOX
LastStage_02_2
322
315
16
32
0.5
0.75
756
0
BOX
Task02_Wall_05
442
359
16
16
0.5
0.5
5805
0
BOX
LastStage_04
770
518
16
16
0.5
0.5
760
0
BOX
LastStage_05_3
808
482
16
16
0.5
0.5
763
0
BOX
Task02_35
276
245
16
16
0.5
0.5
833
0
BOX
LastStage_06
718
466
16
16
0.5
0.5
764
0
BOX
LastStage_07_1
268
191
16
16
0.5
0.5
766
0
BOX
LastStage_08
54
109
16
16
0.5
0.5
767
0
BOX
LastStage_09
390
445
32
32
0.25
0.25
768
0
BOX
LastStage_10
644
586
32
32
0.75
0.25
769
0
BOX
LastStage_11
160
125
16
16
0.5
0.5
770
0
BOX
LastStage_11_2
646
484
16
16
0.5
0.5
771
0
BOX
LastStage_12
772
464
16
16
0.5
0.5
772
0
BOX
Task04_BG_11
478
358
16
16
0.5
0.5
5860
0
BOX
Task04_BG_10
660
774
16
16
0.5
0.5
5859
0
BOX
Task02_01
334
207
16
16
0.5
0.5
801
0
BOX
Task02_02
250
173
16
16
0.5
0.5
802
0
BOX
Task02_04
250
191
16
16
0.5
0.5
804
0
BOX
Task02_05
550
313
16
16
0.5
0.5
805
0
BOX
Task02_07
684
432
16
16
0.5
0.5
807
0
BOX
Task02_08
90
121
16
16
0.5
0.5
808
0
BOX
Task02_13
214
179
16
16
0.5
0.5
813
0
BOX
Task02_14
850
920
16
16
0.5
0.5
814
0
BOX
Task02_18
142
139
16
16
0.5
0.5
818
0
BOX
Task02_20
172
215
16
16
0.5
0.5
819
0
BOX
Task02_21
106
157
16
16
0.5
0.5
820
0
BOX
Task02_22
258
227
16
16
0.5
0.5
821
0
BOX
Task02_24
160
179
16
16
0.5
0.5
823
0
BOX
Task02_25
796
934
16
16
0.5
0.5
824
0
BOX
Task02_27
882
990
16
16
0.5
0.5
826
0
BOX
Task02_28
576
385
16
16
0.5
0.5
827
0
BOX
Task02_30_0
814
936
16
32
0.5
0.75
828
0
BOX
Task02_33
330
279
16
16
0.5
0.5
831
0
BOX
Task02_Wall_22
298
207
16
16
0.5
0.5
5818
0
BOX
Task02_34
732
916
16
16
0.5
0.5
832
0
BOX
Task02_Wall_01
832
956
16
16
0.5
0.5
5801
0
BOX
Task02_Wall_03
646
448
16
16
0.5
0.5
5803
0
BOX
Task02_Wall_04
190
217
16
16
0.5
0.5
5804
0
BOX
Task02_Wall_06
866
1008
16
16
0.5
0.5
5806
0
BOX
Task02_Wall_14
124
175
16
16
0.5
0.5
5811
0
BOX
Task02_Wall_15
660
828
16
16
0.5
0.5
5812
0
BOX
Task02_Wall_17
644
568
16
16
0.5
0.5
5813
0
BOX
Task02_Wall_18
348
297
16
16
0.5
0.5
5814
0
BOX
Task02_Wall_19
646
466
16
16
0.5
0.5
5815
0
BOX
Task02_Wall_23
532
340
16
16
0.5
0.5
5819
0
BOX
Task02_Wall_24
124
157
16
16
0.5
0.5
5820
0
BOX
Task02_Wall_25
874
536
16
16
0.5
0.5
5821
0
BOX
Task02_Wall_26
768
898
16
16
0.5
0.5
5822
0
BOX
Task02_Wall_29
124
139
16
16
0.5
0.5
5825
0
BOX
Task02_Wall_38
666
432
16
16
0.5
0.5
5834
0
BOX
Task02_Wall_39
808
500
16
16
0.5
0.5
5835
0
BOX
Task02_Wall_40
196
179
16
16
0.5
0.5
5836
0
BOX
Task02_Wall_42
838
536
16
16
0.5
0.5
5837
0
BOX
Task02_Wall_43
316
207
16
16
0.5
0.5
5838
0
BOX
Task02_Wall_44
226
197
16
16
0.5
0.5
5839
0
BOX
Task02_Wall_50
806
518
16
16
0.5
0.5
5842
0
BOX
Task02_Wall_51
754
466
16
16
0.5
0.5
5843
0
BOX
Task02_Wall_52
938
1008
16
16
0.5
0.5
5844
0
BOX
Task02_Wall_53
456
304
16
16
0.5
0.5
5845
0
BOX
Task02_Wall_54
88
141
16
16
0.5
0.5
5846
0
BOX
Task02_Wall_07
628
450
16
16
0.5
0.5
5847
0
BOX
Task02_Wall_16
394
306
16
16
0.5
0.5
5848
0
BOX
Task04_00
424
341
16
16
0.5
0.5
834
0
BOX
Task04_01
664
468
16
16
0.5
0.5
835
0
BOX
Task04_02
258
245
16
16
0.5
0.5
836
0
BOX
Task04_10
824
518
16
16
0.5
0.5
837
0
BOX
Task04_11
790
482
16
16
0.5
0.5
838
0
BOX
Task04_12
366
243
16
16
0.5
0.5
839
0
BOX
Task04_13
214
161
16
16
0.5
0.5
840
0
BOX
Task04_14
550
331
16
16
0.5
0.5
841
0
BOX
Task04_16
438
251
16
16
0.5
0.5
843
0
BOX
Task04_17
666
396
16
16
0.5
0.5
844
0
BOX
Task04_18
666
378
16
16
0.5
0.5
845
0
BOX
Task04_20
814
918
16
16
0.5
0.5
846
0
BOX
Task04_23
424
323
16
16
0.5
0.5
849
0
BOX
Task04_24
102
295
16
16
0.5
0.5
850
0
BOX
Task04_25
664
450
16
16
0.5
0.5
851
0
BOX
Task04_26
750
916
16
16
0.5
0.5
852
0
BOX
Task04_27
442
341
16
16
0.5
0.5
853
0
BOX
Task04_28
154
197
16
16
0.5
0.5
854
0
BOX
Task04_BG_00
312
261
16
16
0.5
0.5
5849
0
BOX
Task04_BG_01
244
209
16
16
0.5
0.5
5850
0
BOX
Task04_BG_02
276
227
16
16
0.5
0.5
5851
0
BOX
Task04_BG_03
312
243
16
16
0.5
0.5
5852
0
BOX
Task04_BG_04
752
502
16
16
0.5
0.5
5853
0
BOX
Task04_BG_05
530
376
16
16
0.5
0.5
5854
0
BOX
Task04_BG_06
530
358
16
16
0.5
0.5
5855
0
BOX
Task04_BG_07
384
270
16
16
0.5
0.5
5856
0
BOX
Task04_BG_08
850
956
16
16
0.5
0.5
5857
0
BOX
Task04_BG_09
294
245
16
16
0.5
0.5
5858
0
BOX
Task04_BG_12
348
279
16
16
0.5
0.5
5861
0
BOX
Task04_BG_13
786
916
16
16
0.5
0.5
5862
0
BOX
Task04_BG_14
696
890
16
16
0.5
0.5
5863
0
BOX
Task04_BG_15
36
109
16
16
0.5
0.5
5864
0
BOX
Task04_BG_18
496
356
16
16
0.5
0.5
5866
0
BOX
Task04_BG_19
478
340
16
16
0.5
0.5
5867
0
BOX
Task04_BG_20
716
502
16
16
0.5
0.5
5868
0
BOX
Task04_BG_21
384
288
16
16
0.5
0.5
5869
0
BOX
Task04_BG_23
460
358
16
16
0.5
0.5
5871
0
BOX
