Tile_0
0
0
16
16
0.5
0.5
0
0
0
Tile_1
16
0
16
16
0.5
0.5
1
0
0
Tile_2
32
0
16
16
0.5
0.5
2
0
0
Tile_3
48
0
16
16
0.5
0.5
3
0
0
Tile_4
64
0
16
16
0.5
0.5
4
0
0
Tile_5
80
0
16
16
0.5
0.5
5
0
0
Tile_6
96
0
16
16
0.5
0.5
6
0
0
Tile_7
112
0
16
16
0.5
0.5
7
0
0
Tile_8
128
0
16
16
0.5
0.5
8
0
0
Tile_9
144
0
16
16
0.5
0.5
9
0
0
Tile_10
0
16
16
16
0.5
0.5
10
0
0
Tile_11
16
16
16
16
0.5
0.5
11
0
0
Tile_12
32
16
16
16
0.5
0.5
12
0
0
Tile_13
48
16
16
16
0.5
0.5
13
0
0
Tile_14
64
16
16
16
0.5
0.5
14
0
0
Tile_15
80
16
16
16
0.5
0.5
15
0
0
Tile_16
96
16
16
16
0.5
0.5
16
0
0
Tile_17
112
16
16
16
0.5
0.5
17
0
0
Tile_18
128
16
16
16
0.5
0.5
18
0
0
Tile_19
144
16
16
16
0.5
0.5
19
0
0
Tile_20
0
32
16
16
0.5
0.5
20
0
0
Tile_21
16
32
16
16
0.5
0.5
21
0
0
Tile_22
32
32
16
16
0.5
0.5
22
0
0
Tile_23
48
32
16
16
0.5
0.5
23
0
0
Tile_24
64
32
16
16
0.5
0.5
24
0
0
Tile_25
80
32
16
16
0.5
0.5
25
0
0
Tile_26
96
32
16
16
0.5
0.5
26
0
0
Tile_27
112
32
16
16
0.5
0.5
27
0
0
Tile_28
128
32
16
16
0.5
0.5
28
0
0
Tile_29
144
32
16
16
0.5
0.5
29
0
0
Tile_30
0
48
16
16
0.5
0.5
30
0
0
Tile_31
16
48
16
16
0.5
0.5
31
0
0
Tile_32
32
48
16
16
0.5
0.5
32
0
0
Tile_33
48
48
16
16
0.5
0.5
33
0
0
Tile_34
64
48
16
16
0.5
0.5
34
0
0
Tile_35
80
48
16
16
0.5
0.5
35
0
0
Tile_36
96
48
16
16
0.5
0.5
36
0
0
Tile_37
112
48
16
16
0.5
0.5
37
0
0
Tile_38
128
48
16
16
0.5
0.5
38
0
0
Tile_39
144
48
16
16
0.5
0.5
39
0
0
Tile_40
0
64
16
16
0.5
0.5
40
0
0
Tile_41
16
64
16
16
0.5
0.5
41
0
0
Tile_42
32
64
16
16
0.5
0.5
42
0
0
Tile_43
48
64
16
16
0.5
0.5
43
0
0
Tile_44
64
64
16
16
0.5
0.5
44
0
0
Tile_45
80
64
16
16
0.5
0.5
45
0
0
Tile_46
96
64
16
16
0.5
0.5
46
0
0
Tile_47
112
64
16
16
0.5
0.5
47
0
0
Tile_48
128
64
16
16
0.5
0.5
48
0
0
Tile_49
144
64
16
16
0.5
0.5
49
0
0
Tile_50
0
80
16
16
0.5
0.5
50
0
0
Tile_51
16
80
16
16
0.5
0.5
51
0
0
Tile_52
32
80
16
16
0.5
0.5
52
0
0
Tile_53
48
80
16
16
0.5
0.5
53
0
0
Tile_54
64
80
16
16
0.5
0.5
54
0
0
Tile_55
80
80
16
16
0.5
0.5
55
0
0
Tile_56
96
80
16
16
0.5
0.5
56
0
0
Tile_57
112
80
16
16
0.5
0.5
57
0
0
Tile_58
128
80
16
16
0.5
0.5
58
0
0
Tile_59
144
80
16
16
0.5
0.5
59
0
0
Tile_60
0
96
16
16
0.5
0.5
60
0
0
Tile_61
16
96
16
16
0.5
0.5
61
0
0
Tile_62
32
96
16
16
0.5
0.5
62
0
0
Tile_63
48
96
16
16
0.5
0.5
63
0
0
Tile_64
64
96
16
16
0.5
0.5
64
0
0
Tile_65
80
96
16
16
0.5
0.5
65
0
0
Tile_66
96
96
16
16
0.5
0.5
66
0
0
Tile_67
112
96
16
16
0.5
0.5
67
0
0
Tile_68
128
96
16
16
0.5
0.5
68
0
0
Tile_69
144
96
16
16
0.5
0.5
69
0
0
Tile_70
0
112
16
16
0.5
0.5
70
0
0
Tile_71
16
112
16
16
0.5
0.5
71
0
0
Tile_72
32
112
16
16
0.5
0.5
72
0
0
Tile_73
48
112
16
16
0.5
0.5
73
0
0
Tile_74
64
112
16
16
0.5
0.5
74
0
0
Tile_75
80
112
16
16
0.5
0.5
75
0
0
Tile_76
96
112
16
16
0.5
0.5
76
0
0
Tile_77
112
112
16
16
0.5
0.5
77
0
0
Tile_78
128
112
16
16
0.5
0.5
78
0
0
Tile_79
144
112
16
16
0.5
0.5
79
0
0
Tile_80
0
128
16
16
0.5
0.5
80
0
0
Tile_81
16
128
16
16
0.5
0.5
81
0
0
Tile_82
32
128
16
16
0.5
0.5
82
0
0
Tile_83
48
128
16
16
0.5
0.5
83
0
0
Tile_84
64
128
16
16
0.5
0.5
84
0
0
Tile_85
80
128
16
16
0.5
0.5
85
0
0
Tile_86
96
128
16
16
0.5
0.5
86
0
0
Tile_87
112
128
16
16
0.5
0.5
87
0
0
Tile_88
128
128
16
16
0.5
0.5
88
0
0
Tile_89
144
128
16
16
0.5
0.5
89
0
0
Tile_90
0
144
16
16
0.5
0.5
90
0
0
Tile_91
16
144
16
16
0.5
0.5
91
0
0
Tile_92
32
144
16
16
0.5
0.5
92
0
0
Tile_93
48
144
16
16
0.5
0.5
93
0
0
Tile_94
64
144
16
16
0.5
0.5
94
0
0
Tile_95
80
144
16
16
0.5
0.5
95
0
0
Tile_96
96
144
16
16
0.5
0.5
96
0
0
Tile_97
112
144
16
16
0.5
0.5
97
0
0
Tile_98
128
144
16
16
0.5
0.5
98
0
0
Tile_99
144
144
16
16
0.5
0.5
99
0
0
